partiesfile version 1
240 240
 1 0 0 p_main_party Main_Party 1048576 0 0 15 0 0 0 0 0 17.000000 52.500000 17.000000 52.500000 17.000000 52.500000 0.0 1 0 1 0 0 
0.000000
 1 1 1 p_temp_party {!}temp_party 256 0 0 1 0 0 0 0 0 0.000000 0.000000 0.000000 0.000000 0.000000 0.000000 0.0 0 
0.000000
 1 2 2 p_camp_bandits {!}camp_bandits 256 0 0 2 0 0 0 0 0 1.000000 1.000000 1.000000 1.000000 1.000000 1.000000 0.0 1 3 3 0 0 
0.000000
 1 3 3 p_temp_party_2 {!}temp_party_2 256 0 0 1 0 0 0 0 0 0.000000 0.000000 0.000000 0.000000 0.000000 0.000000 0.0 0 
0.000000
 1 4 4 p_temp_casualties {!}casualties 256 0 0 3 0 0 0 0 0 1.000000 1.000000 1.000000 1.000000 1.000000 1.000000 0.0 0 
0.000000
 1 5 5 p_temp_casualties_2 {!}casualties 256 0 0 3 0 0 0 0 0 1.000000 1.000000 1.000000 1.000000 1.000000 1.000000 0.0 0 
0.000000
 1 6 6 p_temp_casualties_3 {!}casualties 256 0 0 3 0 0 0 0 0 1.000000 1.000000 1.000000 1.000000 1.000000 1.000000 0.0 0 
0.000000
 1 7 7 p_temp_wounded {!}enemies_wounded 256 0 0 3 0 0 0 0 0 1.000000 1.000000 1.000000 1.000000 1.000000 1.000000 0.0 0 
0.000000
 1 8 8 p_temp_killed {!}enemies_killed 256 0 0 3 0 0 0 0 0 1.000000 1.000000 1.000000 1.000000 1.000000 1.000000 0.0 0 
0.000000
 1 9 9 p_main_party_backup {!}_ 256 0 0 3 0 0 0 0 0 1.000000 1.000000 1.000000 1.000000 1.000000 1.000000 0.0 0 
0.000000
 1 10 10 p_encountered_party_backup {!}_ 256 0 0 3 0 0 0 0 0 1.000000 1.000000 1.000000 1.000000 1.000000 1.000000 0.0 0 
0.000000
 1 11 11 p_collective_friends_backup {!}_ 256 0 0 3 0 0 0 0 0 1.000000 1.000000 1.000000 1.000000 1.000000 1.000000 0.0 0 
0.000000
 1 12 12 p_player_casualties {!}_ 256 0 0 3 0 0 0 0 0 1.000000 1.000000 1.000000 1.000000 1.000000 1.000000 0.0 0 
0.000000
 1 13 13 p_enemy_casualties {!}_ 256 0 0 3 0 0 0 0 0 1.000000 1.000000 1.000000 1.000000 1.000000 1.000000 0.0 0 
0.000000
 1 14 14 p_ally_casualties {!}_ 256 0 0 3 0 0 0 0 0 1.000000 1.000000 1.000000 1.000000 1.000000 1.000000 0.0 0 
0.000000
 1 15 15 p_collective_enemy {!}collective_enemy 256 0 0 3 0 0 0 0 0 1.000000 1.000000 1.000000 1.000000 1.000000 1.000000 0.0 0 
0.000000
 1 16 16 p_collective_ally {!}collective_ally 256 0 0 3 0 0 0 0 0 1.000000 1.000000 1.000000 1.000000 1.000000 1.000000 0.0 0 
0.000000
 1 17 17 p_collective_friends {!}collective_ally 256 0 0 3 0 0 0 0 0 1.000000 1.000000 1.000000 1.000000 1.000000 1.000000 0.0 0 
0.000000
 1 18 18 p_total_enemy_casualties {!}_ 256 0 0 3 0 0 0 0 0 1.000000 1.000000 1.000000 1.000000 1.000000 1.000000 0.0 0 
0.000000
 1 19 19 p_routed_enemies {!}routed_enemies 256 0 0 3 0 0 0 0 0 1.000000 1.000000 1.000000 1.000000 1.000000 1.000000 0.0 0 
0.000000
 1 20 20 p_zendar Zendar 2114828 0 0 3 0 0 0 0 0 18.000000 60.000000 18.000000 60.000000 18.000000 60.000000 0.0 0 
0.000000
 1 21 21 p_town_1 Lille 4219916 0 0 3 0 0 0 0 0 -55.000000 -25.000000 -55.000000 -25.000000 -55.000000 -25.000000 0.0 0 
2.967060
 1 22 22 p_town_2 Brussel 4219916 0 0 3 0 0 0 0 0 14.000000 -2.000000 14.000000 -2.000000 14.000000 -2.000000 0.0 0 
2.094395
 1 23 23 p_town_3 Cassel 4219916 0 0 3 0 0 0 0 0 -80.000000 5.000000 -80.000000 5.000000 -80.000000 5.000000 0.0 0 
1.396263
 1 24 24 p_town_4 Fleurbaix 4219916 0 0 3 0 0 0 0 0 -65.182719 -19.881480 -65.182719 -19.881480 -65.182719 -19.881480 0.0 0 
5.061455
 1 25 25 p_town_5 Abele 4219916 0 0 3 0 0 0 0 0 -70.000000 8.000000 -70.000000 8.000000 -70.000000 8.000000 0.0 0 
1.570796
 1 26 26 p_town_6 Boezing 4219916 0 0 3 0 0 0 0 0 -50.000000 22.000000 -50.000000 22.000000 -50.000000 22.000000 0.0 0 
2.705260
 1 27 27 p_town_7 Sint_jan 4219916 0 0 3 0 0 0 0 0 -42.000000 20.000000 -42.000000 20.000000 -42.000000 20.000000 0.0 0 
4.188790
 1 28 28 p_town_8 Killem 4219916 0 0 3 0 0 0 0 0 -92.000000 25.000000 -92.000000 25.000000 -92.000000 25.000000 0.0 0 
3.054326
 1 29 29 p_town_9 Warhem 4219938 0 0 3 0 0 0 0 0 -88.000000 30.000000 -88.000000 30.000000 -88.000000 30.000000 0.0 0 
1.570796
 1 30 30 p_town_10 Pezelhoek 4219917 0 0 3 0 0 0 0 0 -58.000000 26.000000 -58.000000 26.000000 -58.000000 26.000000 0.0 0 
5.410521
 1 31 31 p_town_11 Kouten 4219938 0 0 3 0 0 0 0 0 32.000000 -2.000000 32.000000 -2.000000 32.000000 -2.000000 0.0 0 
2.617994
 1 32 32 p_town_12 Lovie 4219916 0 0 3 0 0 0 0 0 175.000000 175.000000 175.000000 175.000000 175.000000 175.000000 0.0 0 
0.436332
 1 33 33 p_town_13 Galge_bossen 4219916 0 0 3 0 0 0 0 0 35.000000 -15.000000 35.000000 -15.000000 35.000000 -15.000000 0.0 0 
1.047198
 1 34 34 p_town_14 Cont 4219917 0 0 3 0 0 0 0 0 175.000000 175.000000 175.000000 175.000000 175.000000 175.000000 0.0 0 
2.356194
 1 35 35 p_town_15 Kast 4219916 0 0 3 0 0 0 0 0 -75.000000 12.000000 -75.000000 12.000000 -75.000000 12.000000 0.0 0 
0.785398
 1 36 36 p_town_16 Couthof 4219916 0 0 3 0 0 0 0 0 175.000000 175.000000 175.000000 175.000000 175.000000 175.000000 0.0 0 
0.000000
 1 37 37 p_town_17 Dozingem 4219917 0 0 3 0 0 0 0 0 175.000000 175.000000 175.000000 175.000000 175.000000 175.000000 0.0 0 
1.570796
 1 38 38 p_town_18 Pezelhoek 4219917 0 0 3 0 0 0 0 0 -45.000000 28.000000 -45.000000 28.000000 -45.000000 28.000000 0.0 0 
2.356194
 1 39 39 p_town_19 Luxembourg 4219918 0 0 3 0 0 0 0 0 45.000000 -50.000000 45.000000 -50.000000 45.000000 -50.000000 0.0 0 
0.785398
 1 40 40 p_town_20 Trier 4219918 0 0 3 0 0 0 0 0 55.000000 -45.000000 55.000000 -45.000000 55.000000 -45.000000 0.0 0 
4.712389
 1 41 41 p_town_21 Koblenz 4219918 0 0 3 0 0 0 0 0 62.000000 -28.000000 62.000000 -28.000000 62.000000 -28.000000 0.0 0 
5.759586
 1 42 42 p_town_22 Mainz 4219918 0 0 3 0 0 0 0 0 75.000000 -40.000000 75.000000 -40.000000 75.000000 -40.000000 0.0 0 
3.926991
 1 43 43 p_castle_1 Antewerp 4215838 0 0 3 0 0 0 0 0 10.000000 52.000000 10.000000 52.000000 10.000000 52.000000 0.0 0 
0.872665
 1 44 44 p_castle_2 Hasselt 4215839 0 0 3 0 0 0 0 0 48.000000 20.000000 48.000000 20.000000 48.000000 20.000000 0.0 0 
1.308997
 1 45 45 p_castle_3 Licge 4215838 0 0 3 0 0 0 0 0 58.000000 -10.000000 58.000000 -10.000000 58.000000 -10.000000 0.0 0 
1.745329
 1 46 46 p_castle_4 Namur 4215840 0 0 3 0 0 0 0 0 35.000000 -30.000000 35.000000 -30.000000 35.000000 -30.000000 0.0 0 
3.141593
 1 47 47 p_castle_5 Charleroi 4215840 0 0 3 0 0 0 0 0 11.545495 -35.047659 11.545495 -35.047659 11.545495 -35.047659 0.0 0 
1.570796
 1 48 48 p_castle_6 Mons 4215838 0 0 3 0 0 0 0 0 -25.000000 -35.000000 -25.000000 -35.000000 -25.000000 -35.000000 0.0 0 
0.959931
 1 49 49 p_castle_7 Brugge 4215843 0 0 3 0 0 0 0 0 -65.179903 53.615404 -65.179903 53.615404 -65.179903 53.615404 0.0 0 
0.785398
 1 50 50 p_castle_8 Tielt 4215838 0 0 3 0 0 0 0 0 -42.000000 40.000000 -42.000000 40.000000 -42.000000 40.000000 0.0 0 
0.523599
 1 51 51 p_castle_9 Kortrijk 4215838 0 0 3 0 0 0 0 0 -45.000000 8.000000 -45.000000 8.000000 -45.000000 8.000000 0.0 0 
1.745329
 1 52 52 p_castle_10 Oostende 4215838 0 0 3 0 0 0 0 0 -85.154558 60.103039 -85.154558 60.103039 -85.154558 60.103039 0.0 0 
1.919862
 1 53 53 p_castle_11 Zeebrogge 4215838 0 0 3 0 0 0 0 0 -68.000000 68.000000 -68.000000 68.000000 -68.000000 68.000000 0.0 0 
1.308997
 1 54 54 p_castle_12 Gent 4215839 0 0 3 0 0 0 0 0 -25.000000 45.000000 -25.000000 45.000000 -25.000000 45.000000 0.0 0 
1.658063
 1 55 55 p_castle_13 Antewerpen 4215838 0 0 3 0 0 0 0 0 14.848379 53.640030 14.848379 53.640030 14.848379 53.640030 0.0 0 
2.007129
 1 56 56 p_castle_14 Hasselt 4215840 0 0 3 0 0 0 0 0 45.000000 28.000000 45.000000 28.000000 45.000000 28.000000 0.0 0 
1.570796
 1 57 57 p_castle_15 Dunkerque 4215838 0 0 3 0 0 0 0 0 -115.415665 44.790556 -115.415665 44.790556 -115.415665 44.790556 0.0 0 
4.101524
 1 58 58 p_castle_16 Hazebrouk 4215840 0 0 3 0 0 0 0 0 -78.000000 -10.000000 -78.000000 -10.000000 -78.000000 -10.000000 0.0 0 
0.785398
 1 59 59 p_castle_17 Armenticres 4215838 0 0 3 0 0 0 0 0 -62.498620 -12.575219 -62.498620 -12.575219 -62.498620 -12.575219 0.0 0 
0.261799
 1 60 60 p_castle_18 Haubourin 4215843 0 0 3 0 0 0 0 0 -61.307988 -30.000000 -61.307988 -30.000000 -61.307988 -30.000000 0.0 0 
5.235988
 1 61 61 p_castle_19 Hem 4215843 0 0 3 0 0 0 0 0 -48.000000 -22.000000 -48.000000 -22.000000 -48.000000 -22.000000 0.0 0 
4.886922
 1 62 62 p_castle_20 Roubaix 4215838 0 0 3 0 0 0 0 0 -48.000000 -15.000000 -48.000000 -15.000000 -48.000000 -15.000000 0.0 0 
4.537856
 1 63 63 p_castle_21 Valenciennes 4215838 0 0 3 0 0 0 0 0 -35.000000 -48.000000 -35.000000 -48.000000 -35.000000 -48.000000 0.0 0 
4.537856
 1 64 64 p_castle_22 Bambrai 4215838 0 0 3 0 0 0 0 0 -50.000000 -55.000000 -50.000000 -55.000000 -50.000000 -55.000000 0.0 0 
4.537856
 1 65 65 p_castle_23 Caudry 4215838 0 0 3 0 0 0 0 0 -42.000000 -62.000000 -42.000000 -62.000000 -42.000000 -62.000000 0.0 0 
1.396263
 1 66 66 p_castle_24 Fourmies 4215838 0 0 3 0 0 0 0 0 -15.000000 -68.000000 -15.000000 -68.000000 -15.000000 -68.000000 0.0 0 
4.537856
 1 67 67 p_castle_25 Denain 4215838 0 0 3 0 0 0 0 0 -42.000000 -48.000000 -42.000000 -48.000000 -42.000000 -48.000000 0.0 0 
4.537856
 1 68 68 p_castle_26 Gravelines 4215838 0 0 3 0 0 0 0 0 -110.254452 57.251396 -110.254452 57.251396 -110.254452 57.251396 0.0 0 
4.537856
 1 69 69 p_castle_27 Maubeuge 4215838 0 0 3 0 0 0 0 0 -15.000000 -50.000000 -15.000000 -50.000000 -15.000000 -50.000000 0.0 0 
4.537856
 1 70 70 p_castle_28 Caudry 4215838 0 0 3 0 0 0 0 0 -38.000000 -65.000000 -38.000000 -65.000000 -38.000000 -65.000000 0.0 0 
4.537856
 1 71 71 p_castle_29 Douai 4215843 0 0 3 0 0 0 0 0 -62.000000 -45.000000 -62.000000 -45.000000 -62.000000 -45.000000 0.0 0 
4.886922
 1 72 72 p_castle_30 Mechelan 4215841 0 0 3 0 0 0 0 0 10.000000 30.000000 10.000000 30.000000 10.000000 30.000000 0.0 0 
4.537856
 1 73 73 p_castle_31 Nivelles 4215838 0.000000 -22.000000 0.000000 -22.000000 0.000000 -22.000000 0.00.000000 -22.000000 0.000000 -22.000000 0.000000 -22.000000 0.000000 -22.000000 0.0 0 
4.537856
 1 74 74 p_castle_32 Leuven 4215838 0 0 3 0 0 0 0 0 30.000000 5.000000 30.000000 5.000000 30.000000 5.000000 0.0 0 
4.537856
 1 75 75 p_castle_33 Turnhout 4215838 0 0 3 0 0 0 0 0 32.000000 58.000000 32.000000 58.000000 32.000000 58.000000 0.0 0 
1.396263
 1 76 76 p_castle_34 Oudenaarde 4215838 0 0 3 0 0 0 0 0 -30.000000 18.000000 -30.000000 18.000000 -30.000000 18.000000 0.0 0 
4.537856
 1 77 77 p_castle_35 Dendermonde 4215838 0 0 3 -5.000000 38.000000 -5.000000 38.000000 -5.000000 38.000000 0.000000 -110.000000 0.000000 -110.000000 0.000000 0.0 0 
4.537856
 1 78 78 p_castle_36 Lier 4215838 0 0 3 0 0 0 0 0 18.000000 42.000000 18.000000 42.000000 18.000000 42.000000 0.0 0 
4.537856
 1 79 79 p_castle_37 Wargem 4215840 0 0 3 0 0 0 0 0 -35.200263 24.088723 -35.200263 24.088723 -35.200263 24.088723 0.0 0 
4.537856
 1 80 80 p_castle_38 Soignies 4215841 0 0 -12.000000 -25.000000 -12.000000 -25.000000 -12.000000 -25.000000 0.0-12.000000 -25.000000 -12.000000 -25.000000 -12.000000 -25.000000 0.0 0 
4.537856
 1 81 81 p_castle_39 Nivelles 4215843 0 0 3 0 0 0 0 0 -2.000000 -18.000000 -2.000000 -18.000000 -2.000000 -18.000000 0.0 0 
4.886922
 1 82 82 p_castle_40 Ath 4215841 0 0 3 0 0 0 0 0 -28.000000 -22.000000 -28.000000 -22.000000 -28.000000 -22.000000 0.0 0 
4.537856
 1 83 83 p_castle_41 Mouscron 4215841 0 0 3 0 0 0 0 0 -42.000000 2.000000 -42.000000 2.000000 -42.000000 2.000000 0.0 0 
4.537856
 1 84 84 p_castle_42 Carvin 4215841 0 0 3 0 0 0 0 0 -55.000000 -38.000000 -55.000000 -38.000000 -55.000000 -38.000000 0.0 0 
1.396263
 1 85 85 p_castle_43 Arras 4215841 0 0 3 0 0 0 0 0 -75.000000 -52.000000 -75.000000 -52.000000 -75.000000 -52.000000 0.0 0 
4.537856
 1 86 86 p_castle_44 Veurne 4215841 0 0 3 0 0 0 0 0 -100.001802 47.919134 -100.001802 47.919134 -100.001802 47.919134 0.0 0 
4.537856
 1 87 87 p_castle_45 Blankenberge 4215841 0 0 3 0 0 0 0 0 -75.000000 65.000000 -75.000000 65.000000 -75.000000 65.000000 0.0 0 
4.537856
 1 88 88 p_castle_46 Lokeren 4215841 0 0 3 0 0 0 0 0 -8.000000 45.000000 -8.000000 45.000000 -8.000000 45.000000 0.0 0 
4.537856
 1 89 89 p_castle_47 Temse 4215841 0.000000 48.000000 0.000000 48.000000 0.000000 48.000000 0.00.000000 48.000000 0.000000 48.000000 0.000000 48.000000 0.000000 48.000000 0.0 0 
4.537856
 1 90 90 p_castle_48 Roselare 4215841 0 0 3 0 0 0 0 0 -48.000000 35.000000 -48.000000 35.000000 -48.000000 35.000000 0.0 0 
4.537856
 1 91 91 p_village_1 Ronse 2114575 0 0 3 0 0 0 0 0 16.904091 57.044660 16.904091 57.044660 16.904091 57.044660 0.0 0 
1.745329
 1 92 92 p_village_2 Brakel 2114575 0 0 3 0 0 0 0 0 47.980937 14.000000 47.980937 14.000000 47.980937 14.000000 0.0 0 
1.919862
 1 93 93 p_village_3 Ellezelles 2114575 0 0 3 0 0 0 0 0 67.980937 -14.000000 67.980937 -14.000000 67.980937 -14.000000 0.0 0 
2.094395
 1 94 94 p_village_4 Deinze 2114575 0 0 3 0 0 0 0 0 31.179812 -31.912878 31.179812 -31.912878 31.179812 -31.912878 0.0 0 
2.268928
 1 95 95 p_village_5 Eeklo 2114575 0 0 3 0 0 0 0 0 22.912004 -34.288957 22.912004 -34.288957 22.912004 -34.288957 0.0 0 
2.967060
 1 96 96 p_village_6 Sint-Niklaas 2114575 0 0 3 0 0 0 0 0 -25.009045 -27.000000 -25.009045 -27.000000 -25.009045 -27.000000 0.0 0 
1.745329
 1 97 97 p_village_7 Ninove 2114575 0 0 3 0 0 0 0 0 -60.009045 47.000000 -60.009045 47.000000 -60.009045 47.000000 0.0 0 
1.919862
 1 98 98 p_village_8 Merelbeke 2114575 0 0 3 0 0 0 0 0 -48.019063 45.000000 -48.019063 45.000000 -48.019063 45.000000 0.0 0 
2.094395
 1 99 99 p_village_9 Cassel 2114575 0 0 3 0 0 0 0 0 -33.009907 2.148441 -33.009907 2.148441 -33.009907 2.148441 0.0 0 
2.268928
 1 100 100 p_village_10 Bethune 2114575 0 0 3 0 0 0 0 0 -75.000000 -38.000000 -75.000000 -38.000000 -75.000000 -38.000000 0.0 0 
2.967060
 1 101 101 p_village_11 Heuchin 2114575 0 0 3 0 0 0 0 0 -58.612236 58.420290 -58.612236 58.420290 -58.612236 58.420290 0.0 0 
1.745329
 1 102 102 p_village_12 Frevent 2114575 0 0 3 0 0 0 0 0 -27.019063 49.000000 -27.019063 49.000000 -27.019063 49.000000 0.0 0 
1.919862
 1 103 103 p_village_13 Bully_les_mines 2114575 0 0 3 0 0 0 0 0 23.952446 60.138762 23.952446 60.138762 23.952446 60.138762 0.0 0 
2.094395
 1 104 104 p_village_14 Saint_Omer 2114575 0 0 3 0 0 0 0 0 -95.000000 15.000000 -95.000000 15.000000 -95.000000 15.000000 0.0 0 
2.268928
 1 105 105 p_village_15 Lumbres 2114575 0 0 3 0 0 0 0 0 -107.009045 41.000000 -107.009045 41.000000 -107.009045 41.000000 0.0 0 
2.967060
 1 106 106 p_village_16 Marck 2114584 0 0 3 0 0 0 0 0 -122.000000 35.000000 -122.000000 35.000000 -122.000000 35.000000 0.0 0 
2.967060
 1 107 107 p_village_17 Mazen 2114584 0 0 3 0 0 0 0 0 -51.025548 -10.151420 -51.025548 -10.151420 -51.025548 -10.151420 0.0 0 
0.610865
 1 108 108 p_village_18 Ulburban 2114584 0 0 3 0 0 0 0 0 -57.915764 -21.994993 -57.915764 -21.994993 -57.915764 -21.994993 0.0 0 
2.967060
 1 109 109 p_village_19 Hanun 2114584 0 0 3 0 0 0 0 0 -43.009045 -30.000000 -43.009045 -30.000000 -43.009045 -30.000000 0.0 0 
2.967060
 1 110 110 p_village_20 Bree 2114584 0 0 3 0 0 0 0 0 -58.289895 -11.343218 -58.289895 -11.343218 -58.289895 -11.343218 0.0 0 
2.967060
 1 111 111 p_village_21 Opitter 2114584 0 0 3 0 0 0 0 0 -23.009045 -53.000000 -23.009045 -53.000000 -23.009045 -53.000000 0.0 0 
1.745329
 1 112 112 p_village_22 Solt 2114584 0 0 3 0 0 0 0 0 -53.009680 -45.997471 -53.009680 -45.997471 -53.009680 -45.997471 0.0 0 
1.919862
 1 113 113 p_village_23 Ilvia 2114575 0 0 3 0 0 0 0 0 -37.000000 -72.000000 -37.000000 -72.000000 -37.000000 -72.000000 0.0 0 
2.094395
 1 114 114 p_village_24 Ruldi 2114575 0 0 3 0 0 0 0 0 -19.009045 -64.000000 -19.009045 -64.000000 -19.009045 -64.000000 0.0 0 
2.268928
 1 115 115 p_village_25 Dashbigha 2114575 0 0 3 0 0 0 0 0 -35.009045 -43.000000 -35.009045 -43.000000 -35.009045 -43.000000 0.0 0 
2.967060
 1 116 116 p_village_26 Pagundur 2114575 0 0 3 0 0 0 0 0 -113.223599 48.083616 -113.223599 48.083616 -113.223599 48.083616 0.0 0 
2.967060
 1 117 117 p_village_27 Glunmar 2114575 0 0 3 0 0 0 0 0 -7.009045 -54.000000 -7.009045 -54.000000 -7.009045 -54.000000 0.0 0 
2.967060
 1 118 118 p_village_28 Tash_Kulun 2114575 0 0 3 0 0 0 0 0 -44.009045 -67.000000 -44.009045 -67.000000 -44.009045 -67.000000 0.0 0 
2.967060
 1 119 119 p_village_29 Buillin 2114575 0 0 3 0 0 0 0 0 -53.009680 -42.002529 -53.009680 -42.002529 -53.009680 -42.002529 0.0 0 
2.967060
 1 120 120 p_village_30 Douvin 2114575 0 0 3 0 0 0 0 0 12.455057 38.000000 12.455057 38.000000 12.455057 38.000000 0.0 0 
2.967060
 1 121 121 p_village_31 Vimy 2114575 0 0 3 0 0 0 0 0 3.000000 -30.000000 3.000000 -30.000000 3.000000 -30.000000 0.0 0 
1.745329
 1 122 122 p_village_32 Barlin 2114575 0 0 3 0 0 0 0 0 20.000000 10.000000 20.000000 10.000000 20.000000 10.000000 0.0 0 
1.919862
 1 123 123 p_village_33 La_Bassee 2114575 0 0 3 0 0 0 0 0 43.990955 53.000000 43.990955 53.000000 43.990955 53.000000 0.0 0 
2.094395
 1 124 124 p_village_34 Secin 2114575 0 0 3 0 0 0 0 0 -33.353078 27.611695 -33.353078 27.611695 -33.353078 27.611695 0.0 0 
2.268928
 1 125 125 p_village_35 Templeuve 2114575 1.990955 28.000000 1.990955 28.000000 1.990955 28.000000 0.01.990955 28.000000 1.990955 28.000000 1.990955 28.000000 0.000000 28.000000 0.0 0 
2.967060
 1 126 126 p_village_36 Santes 2114575 0 0 3 0 0 0 0 0 13.990955 46.000000 13.990955 46.000000 13.990955 46.000000 0.0 0 
2.967060
 1 127 127 p_village_37 Merville 2114575 0 0 3 0 0 0 0 0 -27.701773 29.865130 -27.701773 29.865130 -27.701773 29.865130 0.0 0 
2.967060
 1 128 128 p_village_38 La_Gorgue 2114575 0 0 3 0 0 0 0 0 -16.000000 -31.000000 -16.000000 -31.000000 -16.000000 -31.000000 0.0 0 
2.967060
 1 129 129 p_village_39 Roeux 2114575 0 0 3 0 0 0 0 0 4.000000 -22.000000 4.000000 -22.000000 4.000000 -22.000000 0.0 0 
2.967060
 1 130 130 p_village_40 Nieppe 2114575 0 0 3 0 0 0 0 0 -34.009045 -24.000000 -34.009045 -24.000000 -34.009045 -24.000000 0.0 0 
2.967060
 1 131 131 p_village_41 De_panne 2114575 0 0 3 0 0 0 0 0 -105.811810 50.653443 -105.811810 50.653443 -105.811810 50.653443 0.0 0 
1.745329
 1 132 132 p_village_42 Sint-Joris 2114575 0 0 3 0 0 0 0 0 -53.346508 -30.000000 -53.346508 -30.000000 -53.346508 -30.000000 0.0 0 
1.919862
 1 133 133 p_village_43 Ratevalle 2114575 0 0 3 0 0 0 0 0 -70.009045 -60.000000 -70.009045 -60.000000 -70.009045 -60.000000 0.0 0 
2.094395
 1 134 134 p_village_44 Lombardsijde 2114575 0 0 3 0 0 0 0 0 -108.555470 53.653518 -108.555470 53.653518 -108.555470 53.653518 0.0 0 
2.268928
 1 135 135 p_village_45 Ramskapelle 2114575 0 0 3 0 0 0 0 0 -63.680876 61.325702 -63.680876 61.325702 -63.680876 61.325702 0.0 0 
2.967060
 1 136 136 p_village_46 Bray-Dunes 2114575 0 0 3 0 0 0 0 0 -109.706708 49.858287 -109.706708 49.858287 -109.706708 49.858287 0.0 0 
2.967060
 1 137 137 p_village_47 Ghyvelde 2114575 0 0 3 0 0 0 0 0 4.521053 38.000000 4.521053 38.000000 4.521053 38.000000 0.0 0 
2.967060
 1 138 138 p_village_48 Saint-Pol-Sur-Mer 2114575 0 0 3 0 0 0 0 0 -116.330513 40.917474 -116.330513 40.917474 -116.330513 40.917474 0.0 0 
2.967060
 1 139 139 p_village_49 Bourbourg 2114584 0 0 3 0 0 0 0 0 -105.000000 32.000000 -105.000000 32.000000 -105.000000 32.000000 0.0 0 
0.174533
 1 140 140 p_village_50 Merkem 2114584 0 0 3 0 0 0 0 0 44.000000 14.000000 44.000000 14.000000 44.000000 14.000000 0.0 0 
2.967060
 1 141 141 p_village_51 Aalter 2114575 0 0 3 0 0 0 0 0 64.000000 -14.000000 64.000000 -14.000000 64.000000 -14.000000 0.0 0 
1.745329
 1 142 142 p_village_52 Deinz 2114575 0 0 3 0 0 0 0 0 27.251330 -32.554450 27.251330 -32.554450 27.251330 -32.554450 0.0 0 
1.919862
 1 143 143 p_village_53 Ath 2114575 0 0 3 0 0 0 0 0 19.121507 -33.077884 19.121507 -33.077884 19.121507 -33.077884 0.0 0 
2.094395
 1 144 144 p_village_54 Villeneuve-de-Ascq 2114575 0 0 3 0 0 0 0 0 -28.990955 -27.000000 -28.990955 -27.000000 -28.990955 -27.000000 0.0 0 
2.268928
 1 145 145 p_village_55 Pittem 2114575 0 0 3 0 0 0 0 0 -63.990955 47.000000 -63.990955 47.000000 -63.990955 47.000000 0.0 0 
2.967060
 1 146 146 p_village_56 Brakel 2114575 0 0 3 0 0 0 0 0 -52.000000 45.000000 -52.000000 45.000000 -52.000000 45.000000 0.0 0 
2.967060
 1 147 147 p_village_57 Bornem 2114575 0 0 3 0 0 0 0 0 -36.990093 2.148441 -36.990093 2.148441 -36.990093 2.148441 0.0 0 
2.967060
 1 148 148 p_village_58 Vezin 2114575 0 0 3 0 0 0 0 0 -88.009045 70.000000 -88.009045 70.000000 -88.009045 70.000000 0.0 0 
2.967060
 1 149 149 p_village_59 Brakel 2114575 0 0 3 0 0 0 0 0 -62.375382 57.124918 -62.375382 57.124918 -62.375382 57.124918 0.0 0 
2.967060
 1 150 150 p_village_60 Peruwelz 2114575 0 0 3 0 0 0 0 0 -31.000000 49.000000 -31.000000 49.000000 -31.000000 49.000000 0.0 0 
2.967060
 1 151 151 p_village_61 Courcelles 2114575 0 0 3 0 0 0 0 0 20.025955 59.489969 20.025955 59.489969 20.025955 59.489969 0.0 0 
1.745329
 1 152 152 p_village_62 Mettet 2114575 0 0 3 0 0 0 0 0 42.990955 22.000000 42.990955 22.000000 42.990955 22.000000 0.0 0 
1.745329
 1 153 153 p_village_63 Dour 2114575 0 0 3 0 0 0 0 0 -110.990955 41.000000 -110.990955 41.000000 -110.990955 41.000000 0.0 0 
1.745329
 1 154 154 p_village_64 Thuin 2114575 0 0 3 0 0 0 0 0 -86.000000 -12.000000 -86.000000 -12.000000 -86.000000 -12.000000 0.0 0 
1.745329
 1 155 155 p_village_65 Frameries 2114575 0 0 3 0 0 0 0 0 -54.902848 -9.251100 -54.902848 -9.251100 -54.902848 -9.251100 0.0 0 
1.745329
 1 156 156 p_village_66 Douchy-les-mines 2114575 0 0 3 0 0 0 0 0 -61.894279 -22.117829 -61.894279 -22.117829 -61.894279 -22.117829 0.0 0 
1.745329
 1 157 157 p_village_67 Raisemes 2114575 0 0 3 0 0 0 0 0 -46.990955 -30.000000 -46.990955 -30.000000 -46.990955 -30.000000 0.0 0 
1.745329
 1 158 158 p_village_68 Vieux-Conde 2114575 0 0 3 0 0 0 0 0 -61.270611 -8.697920 -61.270611 -8.697920 -61.270611 -8.697920 0.0 0 
1.745329
 1 159 159 p_village_69 Trelon 2114575 0 0 3 0 0 0 0 0 -26.990955 -53.000000 -26.990955 -53.000000 -26.990955 -53.000000 0.0 0 
1.745329
 1 160 160 p_village_70 Nivelles 2114575 0 0 3 0 0 0 0 0 -56.990320 -45.997471 -56.990320 -45.997471 -56.990320 -45.997471 0.0 0 
1.745329
 1 161 161 p_village_71 Fieurus 2114575 0 0 3 0 0 0 0 0 16.622685 -29.979055 16.622685 -29.979055 16.622685 -29.979055 0.0 0 
0.349066
 1 162 162 p_village_72 Pont-a-Celles 2114575 0 0 3 0 0 0 0 0 -22.990955 -64.000000 -22.990955 -64.000000 -22.990955 -64.000000 0.0 0 
1.047198
 1 163 163 p_village_73 Herzeel 2114575 0 0 3 0 0 0 0 0 -38.990955 -43.000000 -38.990955 -43.000000 -38.990955 -43.000000 0.0 0 
0.959931
 1 164 164 p_village_74 Fosses-la-Ville 2114575 0 0 3 0 0 0 0 0 -116.952043 49.475123 -116.952043 49.475123 -116.952043 49.475123 0.0 0 
0.261799
 1 165 165 p_village_75 Lobbes 2114584 0 0 3 0 0 0 0 0 -10.990955 -54.000000 -10.990955 -54.000000 -10.990955 -54.000000 0.0 0 
0.174533
 1 166 166 p_village_76 Dour 2114575 0 0 3 0 0 0 0 0 -47.990955 -67.000000 -47.990955 -67.000000 -47.990955 -67.000000 0.0 0 
0.610865
 1 167 167 p_village_77 Hornu 2114575 0 0 3 0 0 0 0 0 -56.990320 -42.002529 -56.990320 -42.002529 -56.990320 -42.002529 0.0 0 
2.792527
 1 168 168 p_village_78 Bray-Dunes 2114575 0 0 3 0 0 0 0 0 8.478947 38.000000 8.478947 38.000000 8.478947 38.000000 0.0 0 
3.141593
 1 169 169 p_village_79 Koksijde-bad 2114575 0 0 3 0 0 0 0 0 -102.122523 55.182502 -102.122523 55.182502 -102.122523 55.182502 0.0 0 
0.000000
 1 170 170 p_village_80 Koksijde 2114575 0 0 3 0 0 0 0 0 -99.881724 51.897626 -99.881724 51.897626 -99.881724 51.897626 0.0 0 
0.698132
 1 171 171 p_village_81 Pervijze 2114575 0 0 3 0 0 0 0 0 40.009045 53.000000 40.009045 53.000000 40.009045 53.000000 0.0 0 
0.349066
 1 172 172 p_village_82 Diksmuide 2114575 0 0 3 0 0 0 0 0 -37.267772 28.336518 -37.267772 28.336518 -37.267772 28.336518 0.0 0 
1.047198
 1 173 173 p_village_83 Zarren 2114575 -1.990955 28.000000 -1.990955 28.000000 -1.990955 28.000000 0.0-1.990955 28.000000 -1.990955 28.000000 -1.990955 28.000000 0.000000 28.000000 0.0 0 
0.959931
 1 174 174 p_village_84 Markem 2114575 0 0 3 0 0 0 0 0 10.009045 46.000000 10.009045 46.000000 10.009045 46.000000 0.0 0 
0.261799
 1 175 175 p_village_85 Bikschote 2114584 0 0 3 0 0 0 0 0 -31.487199 31.128470 -31.487199 31.128470 -31.487199 31.128470 0.0 0 
0.174533
 1 176 176 p_village_86 Hondschoote 2114584 0 0 3 0 0 0 0 0 -98.000000 32.000000 -98.000000 32.000000 -98.000000 32.000000 0.0 0 
0.610865
 1 177 177 p_village_87 Hougoumont_farm 2114575 0 0 3 0 0 0 0 0 8.000000 -18.000000 8.000000 -18.000000 8.000000 -18.000000 0.0 0 
2.792527
 1 178 178 p_village_88 Kruiske 2114575 0 0 3 0 0 0 0 0 -37.990955 -24.000000 -37.990955 -24.000000 -37.990955 -24.000000 0.0 0 
3.141593
 1 179 179 p_village_89 Gapaard 2114575 0 0 3 0 0 0 0 0 -35.000000 5.702905 -35.000000 5.702905 -35.000000 5.702905 0.0 0 
0.000000
 1 180 180 p_village_90 Draalbrug 2114575 0 0 3 0 0 0 0 0 -57.326999 -30.000000 -57.326999 -30.000000 -57.326999 -30.000000 0.0 0 
0.698132
 1 181 181 p_village_91 Slijpe 2114577 0 0 3 0 0 0 0 0 -73.990955 -60.000000 -73.990955 -60.000000 -73.990955 -60.000000 0.0 0 
0.349066
 1 182 182 p_village_92 Ten_Putte 2114577 0 0 3 0 0 0 0 0 -112.690891 53.268653 -112.690891 53.268653 -112.690891 53.268653 0.0 0 
1.047198
 1 183 183 p_village_93 Spermalie 2114577 0 0 3 0 0 0 0 0 -67.827431 61.116060 -67.827431 61.116060 -67.827431 61.116060 0.0 0 
0.959931
 1 184 184 p_village_94 Leke 2114577 0 0 3 0 0 0 0 0 -13.000000 55.000000 -13.000000 55.000000 -13.000000 55.000000 0.0 0 
0.261799
 1 185 185 p_village_95 Houtem 2114577 0 0 3 0 0 0 0 0 0.544943 38.000000 0.544943 38.000000 0.544943 38.000000 0.0 0 
0.174533
 1 186 186 p_village_96 Nieuwstad 2114577 0 0 3 0 0 0 0 0 -54.000000 39.000000 -54.000000 39.000000 -54.000000 39.000000 0.0 0 
0.610865
 1 187 187 p_village_97 Korte-wilde 2114577 0 0 3 0 0 0 0 0 12.963291 57.601867 12.963291 57.601867 12.963291 57.601867 0.0 0 
2.792527
 1 188 188 p_village_98 Draalibrug 2114577 0 0 3 0 0 0 0 0 40.019063 14.000000 40.019063 14.000000 40.019063 14.000000 0.0 0 
3.141593
 1 189 189 p_village_99 Kousse-Boom 2114577 0 0 3 0 0 0 0 0 60.019063 -14.000000 60.019063 -14.000000 60.019063 -14.000000 0.0 0 
0.000000
 1 190 190 p_village_100 Ramskapelle 2114577 0 0 3 0 0 0 0 0 23.903039 -30.408660 23.903039 -30.408660 23.903039 -30.408660 0.0 0 
0.698132
 1 191 191 p_village_101 Tervate 2114577 0 0 3 0 0 0 0 0 15.514178 -34.736175 15.514178 -34.736175 15.514178 -34.736175 0.0 0 
0.349066
 1 192 192 p_village_102 Oostduinkerke-Bad 2114577 0 0 3 0 0 0 0 0 -92.000000 56.000000 -92.000000 56.000000 -92.000000 56.000000 0.0 0 
1.047198
 1 193 193 p_village_103 De_Haan 2114577 0 0 3 0 0 0 0 0 -78.000000 62.000000 -78.000000 62.000000 -78.000000 62.000000 0.0 0 
0.959931
 1 194 194 p_village_104 Zedelgem 2114577 0 0 3 0 0 0 0 0 -55.980937 45.000000 -55.980937 45.000000 -55.980937 45.000000 0.0 0 
0.261799
 1 195 195 p_village_105 Bredene 2114577 0 0 3 0 0 0 0 0 -81.845442 57.896961 -81.845442 57.896961 -81.845442 57.896961 0.0 0 
0.174533
 1 196 196 p_village_106 Moorslede 2114577 0 0 3 0 0 0 0 0 -91.990955 70.000000 -91.990955 70.000000 -91.990955 70.000000 0.0 0 
0.610865
 1 197 197 p_village_107 Diksmuide 2114577 0 0 3 0 0 0 0 0 -66.341846 57.425166 -66.341846 57.425166 -66.341846 57.425166 0.0 0 
2.792527
 1 198 198 p_village_108 Mouvaux 2114577 0 0 3 0 0 0 0 0 -34.980937 49.000000 -34.980937 49.000000 -34.980937 49.000000 0.0 0 
3.141593
 1 199 199 p_village_109 Wattrelos 2114577 0 0 3 0 0 0 0 0 16.395838 61.138123 16.395838 61.138123 16.395838 61.138123 0.0 0 
0.000000
 1 200 200 p_village_110 Leers 2114577 0 0 3 0 0 0 0 0 39.009045 22.000000 39.009045 22.000000 39.009045 22.000000 0.0 0 
0.698132
 1 201 201 p_salt_mine Salt_Mine 2114831 0 0 3 0 0 0 0 0 14.200000 -31.000000 14.200000 -31.000000 14.200000 -31.000000 0.0 0 
0.000000
 1 202 202 p_four_ways_inn Four_Ways_Inn 2114831 0 0 3 0 0 0 0 0 4.800000 -39.600000 4.800000 -39.600000 4.800000 -39.600000 0.0 0 
0.000000
 1 203 203 p_test_scene test_scene 2114831 0 0 3 0 0 0 0 0 10.800000 -19.600000 10.800000 -19.600000 10.800000 -19.600000 0.0 0 
0.000000
 1 204 204 p_battlefields battlefields 2114831 0 0 3 0 0 0 0 0 10.800000 -16.600000 10.800000 -16.600000 10.800000 -16.600000 0.0 0 
0.000000
 1 205 205 p_dhorak_keep Dhorak_Keep 2639116 0 0 3 0 0 0 0 0 -50.000000 -58.000000 -50.000000 -58.000000 -50.000000 -58.000000 0.0 0 
0.000000
 1 206 206 p_training_ground Training_Ground 2114855 0 0 3 0 0 0 0 0 3.000000 -7.000000 3.000000 -7.000000 3.000000 -7.000000 0.0 0 
0.000000
 1 207 207 p_training_ground_1 Training_Field 2118695 0 0 3 0 0 0 0 0 140.400009 324.799988 140.400009 324.799988 140.400009 324.799988 0.0 0 
1.745329
 1 208 208 p_training_ground_2 Training_Field 2118695 0 0 3 0 0 0 0 0 4.800000 74.000000 4.800000 74.000000 4.800000 74.000000 0.0 0 
1.745329
 1 209 209 p_training_ground_3 Training_Field 2118695 0 0 3 0 0 0 0 0 259.500000 181.000000 259.500000 181.000000 259.500000 181.000000 0.0 0 
1.745329
 1 210 210 p_training_ground_4 Training_Field 2118695 0 0 3 0 0 0 0 0 17.500000 -266.200012 17.500000 -266.200012 17.500000 -266.200012 0.0 0 
1.745329
 1 211 211 p_training_ground_5 Training_Field 2118695 0 0 3 0 0 0 0 0 -156.640000 203.500000 -156.640000 203.500000 -156.640000 203.500000 0.0 0 
1.745329
 1 212 212 p_bridge_1 {!}1 541738 0 0 3 0 0 0 0 0 41.730000 65.100000 41.730000 65.100000 41.730000 65.100000 0.0 0 
-0.781907
 1 213 213 p_bridge_2 {!}2 541738 0 0 3 0 0 0 0 0 56.440000 77.880000 56.440000 77.880000 56.440000 77.880000 0.0 0 
0.074700
 1 214 214 p_bridge_3 {!}3 541738 0 0 3 0 0 0 0 0 70.870000 87.950000 70.870000 87.950000 70.870000 87.950000 0.0 0 
1.125737
 1 215 215 p_bridge_4 {!}4 541738 0 0 3 0 0 0 0 0 93.710000 62.130000 93.710000 62.130000 93.710000 62.130000 0.0 0 
-0.037176
 1 216 216 p_bridge_5 {!}5 541738 0 0 3 0 0 0 0 0 11.020000 72.610000 11.020000 72.610000 11.020000 72.610000 0.0 0 
0.375246
 1 217 217 p_bridge_6 {!}6 541737 0 0 3 0 0 0 0 0 -8.830000 52.240000 -8.830000 52.240000 -8.830000 52.240000 0.0 0 
-1.282817
 1 218 218 p_bridge_7 {!}7 541737 0 0 3 0 0 0 0 0 -29.790000 76.840000 -29.790000 76.840000 -29.790000 76.840000 0.0 0 
-1.117011
 1 219 219 p_bridge_8 {!}8 541737 0 0 3 0 0 0 0 0 -64.050000 -6.000000 -64.050000 -6.000000 -64.050000 -6.000000 0.0 0 
0.030020
 1 220 220 p_bridge_9 {!}9 541737 0 0 3 0 0 0 0 0 -64.950000 -9.600000 -64.950000 -9.600000 -64.950000 -9.600000 0.0 0 
-0.589223
 1 221 221 p_bridge_10 {!}10 541737 0 0 3 0 0 0 0 0 -75.320000 -75.270000 -75.320000 -75.270000 -75.320000 -75.270000 0.0 0 
-0.769167
 1 222 222 p_bridge_11 {!}11 541736 0 0 3 0 0 0 0 0 -24.390000 67.820000 -24.390000 67.820000 -24.390000 67.820000 0.0 0 
1.418953
 1 223 223 p_bridge_12 {!}12 541736 0 0 3 0 0 0 0 0 -114.330000 -1.940000 -114.330000 -1.940000 -114.330000 -1.940000 0.0 0 
-0.619592
 1 224 224 p_bridge_13 {!}13 541736 0 0 3 0 0 0 0 0 -84.020000 -7.000000 -84.020000 -7.000000 -84.020000 -7.000000 0.0 0 
-0.308923
 1 225 225 p_bridge_14 {!}14 541736 0 0 3 0 0 0 0 0 -23.360000 75.800000 -23.360000 75.800000 -23.360000 75.800000 0.0 0 
1.162389
 1 226 226 p_looter_spawn_point {!}looter_sp 1280 0 0 2 0 0 0 0 0 26.000000 77.000000 26.000000 77.000000 26.000000 77.000000 0.0 1 182 15 0 0 
0.000000
 1 227 227 p_steppe_bandit_spawn_point the_steppes 1280 0 0 2 0 0 0 0 0 125.000000 9.000000 125.000000 9.000000 125.000000 9.000000 0.0 1 182 15 0 0 
0.000000
 1 228 228 p_taiga_bandit_spawn_point the_tundra 1280 0 0 2 0 0 0 0 0 78.000000 84.000000 78.000000 84.000000 78.000000 84.000000 0.0 1 182 15 0 0 
0.000000
 1 229 229 p_forest_bandit_spawn_point the_forests 1280 0 0 2 0 0 0 0 0 -35.000000 18.000000 -35.000000 18.000000 -35.000000 18.000000 0.0 1 182 15 0 0 
0.000000
 1 230 230 p_mountain_bandit_spawn_point the_highlands 1280 0 0 2 0 0 0 0 0 -90.000000 -26.800000 -90.000000 -26.800000 -90.000000 -26.800000 0.0 1 182 15 0 0 
0.000000
 1 231 231 p_sea_raider_spawn_point_1 the_coast 1280 0 0 2 0 0 0 0 0 23.380000 335.481000 23.380000 335.481000 23.380000 335.481000 0.0 1 182 15 0 0 
0.000000
 1 232 232 p_sea_raider_spawn_point_2 the_coast 1280 0 0 2 0 0 0 0 0 17.500000 -266.200012 17.500000 -266.200012 17.500000 -266.200012 0.0 1 182 15 0 0 
0.000000
 1 233 233 p_desert_bandit_spawn_point the_deserts 1280 0 0 2 0 0 0 0 0 110.000000 -100.000000 110.000000 -100.000000 110.000000 -100.000000 0.0 1 182 15 0 0 
0.000000
 1 234 234 p_spawn_points_end {!}last_spawn_point 1280 0 0 1 0 0 0 0 0 0.000000 0.000000 0.000000 0.000000 0.000000 0.000000 0.0 1 182 15 0 0 
0.000000
 1 235 235 p_reserved_1 {!}last_spawn_point 1280 0 0 1 0 0 0 0 0 0.000000 0.000000 0.000000 0.000000 0.000000 0.000000 0.0 1 182 15 0 0 
0.000000
 1 236 236 p_reserved_2 {!}last_spawn_point 1280 0 0 1 0 0 0 0 0 0.000000 0.000000 0.000000 0.000000 0.000000 0.000000 0.0 1 182 15 0 0 
0.000000
 1 237 237 p_reserved_3 {!}last_spawn_point 1280 0 0 1 0 0 0 0 0 0.000000 0.000000 0.000000 0.000000 0.000000 0.000000 0.0 1 182 15 0 0 
0.000000
 1 238 238 p_reserved_4 {!}last_spawn_point 1280 0 0 1 0 0 0 0 0 0.000000 0.000000 0.000000 0.000000 0.000000 0.000000 0.0 1 182 15 0 0 
0.000000
 1 239 239 p_reserved_5 {!}last_spawn_point 1280 0 0 1 0 0 0 0 0 0.000000 0.000000 0.000000 0.000000 0.000000 0.000000 0.0 1 182 15 0 0 
0.000000
