1
1
1
1
1
1
1
1
1
1
1
1
1
1
1
1
1
1
1
1
1
1
1
1
1
1
1
1
1
1
1
1
1
1
1
1
1
1
1
1
1
1
1
1
1
1
1
1
1
1
1
1
1
1
1
1
1
1
1
1
1
1
1
1
1
1
1
1
1
1
1
1
1
1
1
1
1
1
1
1
1
1
1
1
1
1
1
1
1
1
1
1
1
1
1
1
1
1
1
1
6
2
6
4
3
2
2
2
6
6
7
6
5
6
23
1946
12
327
119
26
59
105
7
2
16
29
6
6
2
3
2
3
2
2
8
207
31
31
2
7
8
52
2
2
2
20
62
12
13
67
6
22
120
7
6
5
5
2
2
24
14
15
25
7
2
2
6
2
10
5
2
5
4
9
4
11
3
6
9
2
4
3
4
4
4
2
2
11
2
3
5
15
4
8
37
2
25
2
17
6
7
2
19
2
5
3
5
2
161
3
3
17
18
11
11
11
6
4
2
19
3
2
8
4
18
2
6
5
5
5
9
4
9
3
3
10
15
7
238
2
5
2
4
2
2
2
2
5
2
6
4
4
4
4
4
25
2
2
4
6
3
3
2
6
2
3
4
4
4
23
17
4
2
2
2
3
3
3
9
3
2
2
2
2
46
6
5
3
2
3
35
361
2
1
1
6
45
245
1
25
16
22
16
4
18
6
3
22
25
5
6
16
7
13
10
5
65
38
6
9
15
59
5
2
4
3
2
2
2
9
2
2
2
3
4
3
2
3
6
7
7
538
10
20
3
14
3
3
4
2
12
4
2
14
2
2
5
8
4
3
3
2
3
2
7
2
2
3
9
5
2
3
9
12
7
6
3
2
11
3
5
5
2
5
4
2
17
5
5
5
5
5
2
9
4
7
2
2
2
6
5
734
2
2
12
2
2
3
13
3
14
21
5
51
4
578
3
2
2
2
12
2
2
2
2
21
23
14
3
3
32
16
31
12
3
3
10
10
4
9
11
4
7
2
8
2
2
2
2
2
2
3
6
3
3
1
13
2
2
2
2
2
2
2
2
2
6
1
25
3
3
3
3
3
2
1
14
2
2
2
2
2
2
2
1
9
2
2
2
2
2
2
1
11
9
292
9
17
9
3
2
2
21
2
2
3
3
2
2
2
9
13
38
36
9
5
36
10
7
12
3
2
2
10
4
13
11
17
16
12
12
12
13
13
13
13
7
7
7
2
2
2
2
2
2
2
2
2
3
4
3
5
4
4
4
4
4
4
6
6
5
5
4
4
4
4
4
4
4
9
7
10
4
4
4
11
4
4
4
4
4
4
4
4
4
4
4
4
4
12
4
4
4
4
34
7
7
3
4
7
3
7
3
4
3
2
2
4
15
7
7
3
7
3
7
3
7
3
7
3
7
3
7
3
7
3
7
3
4
4
2
2
2
2
8
6
5
5
2
2
2
2
2
40
24
7
4
2
5
2
2
5
5
19
13
14
8
6
5
2
4
3
4
4
4
5
5
7
5
5
5
4
4
2
4
5
4
15
4
4
4
4
4
4
2
3
4
4
3
3
5
2
4
3
3
4
4
3
3
2
4
4
29
20
5
4
4
4
3
3
3
3
3
3
3
4
4
3
3
3
3
3
3
4
4
3
3
3
3
4
4
3
3
3
3
4
4
3
3
3
3
4
4
3
3
19
3
5
4
4
2
3
3
2
7
7
7
7
7
7
7
7
7
37
37
37
37
37
37
37
37
37
3
38
29
8
12
12
12
38
28
8
12
12
12
38
26
8
12
12
12
38
26
8
12
12
12
38
26
8
12
12
12
38
26
8
12
12
12
38
26
8
12
12
12
38
26
8
12
12
12
38
26
8
12
12
12
23
24
24
21
18
16
15
18
3
3
11
5
5
5
5
4
4
4
4
4
4
4
4
4
4
4
4
6
9
11
9
10
5
5
5
12
11
10
8
6
6
6
6
7
7
7
6
4
4
3
3
1
1
3
1
11
3
2
3
15
3
34
15
22
22
4
4
11
8
19
19
27
27
19
9
7
7
7
7
6
23
10
5
5
13
12
12
22
146
31
5
12
3
10
19
1
36
33
3
3
2
9
10
11
10
28
18
6
4
9
3
2
2
2
2
3
5
2
4
2
4
7
3
12
3
3
3
4
4
5
2
4
4
7
3
3
3
18
14
4
4
5
4
2
6
7
5
2
3
7
2
5
3
3
10
2
3
3
3
2
2
5
5
8
7
2
3
28
3
5
2
3
2
2
2
15
30
150
43
3
2
2
3
3
23
10
12
12
9
3
3
3
3
2
17
6
2
7
21
12
2
3
11
11
10
10
9
5
9
11
7
8
4
2
3
2
2
3
2
12
12
8
8
3
3
4
3
4
1
13
6
6
3
3
2
2
3
6
18
17
5
10
12
5
2
3
3
14
11
13
7
8
3
12
12
29
29
28
29
29
28
15
8
15
8
15
8
12
8
15
8
15
8
10
3
10
3
8
5
8
6
9
15
7
6
4
4
2
2
2
2
2
2
2
2
2
2
2
2
2
3
2
2
2
2
5
2
2
2
3
2
1
3
1
19
2
1
17
2
1
7
7
7
7
7
7
9
3
4
16
1
4
7
11
6
8
2
4
2
2
2
2
2
2
2
2
2
2
1
4
1
1
1
2
2
2
2
3
4
129
9
2
3
8
12
1
39
12
1
1
4
3
6
2
1
3
3
2
15
3
2
2
2
10
3
2
2
9
1
3
1
1
3
19
4
4
4
10
1
5
11
11
5
3
350
473
2
67
203
2
61
22
44
33
33
11
11
11
22
22
33
22
1
3
1
2
20
2
1
2
3
1
4
6
1
5
1
13
49
43
31
15
13
18
21
17
5
16
26
3
24
3
3
4
3
3
3
3
19
3
12
12
2
2
19
55
2
2
4
2
5
5
4
3
18
3
1
5
1
7
56
56
56
56
12
12
24
13
13
6
6
8
1
8
2
1
2
2
2
2
2
1
4
1
3
